1
1 
2
3 6 
3
6 1 2 
4
6 5 2 3 
5
2 2 5 6 3 
6
1 1 2 3 3 4 
7
5 5 2 2 4 3 1 
8
3 4 2 4 4 3 1 5 
9
1 4 3 5 3 3 6 4 5 
10
1 4 4 1 5 3 5 6 4 3 
11
5 4 2 6 2 3 2 2 3 2 1 
12
6 1 2 5 6 4 4 1 1 6 3 5 
13
5 5 5 1 3 2 6 2 3 4 3 4 2 
14
6 1 5 6 2 4 1 5 2 3 1 4 2 4 
15
6 1 1 4 3 2 1 1 1 2 6 1 6 3 1 
16
1 2 1 1 2 3 3 6 1 1 3 4 5 4 3 3 
17
3 1 4 4 4 3 6 6 2 6 2 6 1 1 4 6 2 
18
3 2 4 5 2 6 5 3 5 1 1 5 2 5 5 5 2 4 
19
5 3 4 2 2 4 3 6 6 1 5 2 2 6 4 2 2 5 6 
20
5 5 5 6 1 2 2 1 1 5 6 6 2 1 6 1 2 3 4 3 
21
2 6 4 5 1 5 3 4 1 6 1 1 4 2 2 2 6 5 4 4 2 
22
2 6 6 6 5 3 6 2 1 2 5 6 1 1 1 6 3 1 4 6 2 5 
23
4 6 3 6 4 6 4 4 3 2 2 1 3 3 2 6 2 3 5 2 6 4 6 
24
3 4 3 5 2 6 2 6 2 5 1 6 1 3 1 2 2 4 3 3 3 2 6 2 
25
2 6 2 6 4 4 6 6 5 4 5 3 2 5 2 6 4 5 1 1 3 5 6 2 1 
26
3 6 5 3 4 1 4 2 2 3 6 2 4 6 5 6 1 4 2 5 4 3 3 6 3 1 
27
5 4 1 6 1 1 6 6 2 1 6 3 1 2 2 4 3 4 5 2 4 5 2 6 2 3 2 
28
4 3 2 2 4 6 2 3 3 2 1 6 5 1 2 6 3 1 4 4 2 5 2 3 4 2 5 1 
29
4 5 5 4 6 2 5 3 2 5 5 4 4 5 4 1 3 3 2 3 3 3 1 2 1 2 2 3 4 
30
5 3 4 6 1 5 2 1 5 4 6 1 6 5 2 6 6 5 5 5 4 3 2 3 5 1 1 3 5 6 
31
3 1 6 4 1 5 6 6 3 3 3 4 2 1 3 2 3 3 4 2 2 1 5 4 1 2 6 6 3 5 2 
32
3 6 1 6 4 4 2 3 2 6 4 1 6 3 3 2 1 6 1 4 3 2 1 1 1 5 6 5 3 2 3 3 
33
5 2 3 4 4 3 5 5 6 2 2 4 5 3 4 5 1 3 3 1 3 2 6 5 1 4 2 1 4 4 5 5 1 
34
5 2 2 4 3 2 2 6 2 1 6 4 3 4 5 4 4 2 4 1 3 5 3 3 4 5 3 2 6 3 6 3 6 4 
35
4 5 4 5 4 4 1 4 1 2 1 1 3 5 4 3 1 5 5 2 1 5 4 1 5 3 4 5 5 4 1 3 1 3 1 
36
5 1 2 2 6 4 4 4 4 1 2 2 6 1 1 6 3 3 5 5 5 6 2 6 5 4 2 1 6 6 5 3 3 5 4 1 
37
1 6 1 3 6 2 1 6 1 4 2 6 4 6 5 1 1 4 3 2 4 1 6 2 6 2 2 3 1 3 2 5 3 6 4 6 5 
38
1 2 4 5 1 5 6 2 4 3 2 4 2 3 4 4 6 1 4 3 6 1 3 1 1 2 3 5 1 1 3 5 3 4 2 3 3 5 
39
4 4 5 1 4 5 3 5 2 1 5 5 2 2 6 1 6 6 6 2 1 2 3 3 5 6 2 3 3 3 6 6 3 4 2 5 2 6 1 
40
2 4 4 5 2 6 6 1 5 6 6 2 4 2 1 1 6 6 3 2 4 4 5 6 3 1 2 1 5 5 3 1 5 3 5 5 4 5 1 4 
41
2 3 3 3 2 3 6 6 1 6 5 1 1 5 6 1 6 6 5 2 5 1 1 2 3 3 2 3 5 5 3 1 5 5 2 6 6 3 5 4 6 
42
1 6 4 4 2 5 5 2 5 6 4 2 2 3 5 5 4 3 4 1 5 1 1 5 1 2 5 3 1 1 4 2 5 6 3 2 4 5 2 1 3 2 
43
5 5 2 1 6 6 5 2 5 2 4 4 5 5 1 5 2 6 2 1 6 1 2 6 6 1 1 2 6 4 4 6 3 2 6 6 1 5 2 5 3 2 2 
44
4 1 6 4 5 5 3 1 1 1 1 3 2 4 2 4 2 5 4 1 3 3 2 1 1 6 2 4 4 4 3 4 4 6 3 2 1 2 3 6 3 2 3 2 
45
4 1 1 2 6 1 6 4 5 5 3 3 6 4 2 6 5 6 2 1 2 3 3 1 1 2 4 4 4 5 2 5 3 1 2 5 3 4 5 6 5 1 1 4 3 
46
5 1 4 6 4 4 2 2 6 2 6 4 2 6 2 5 4 1 6 2 1 5 6 3 2 4 3 3 5 1 3 3 1 6 2 3 4 3 4 4 4 5 3 5 6 4 
47
2 6 3 3 1 1 1 3 2 1 5 6 4 5 6 5 4 3 5 3 5 6 2 6 5 2 2 5 3 1 2 4 3 6 4 1 3 2 1 4 2 4 4 2 6 3 4 
48
4 2 3 3 5 5 2 2 3 6 4 1 1 1 1 2 3 5 6 5 4 6 4 6 1 1 6 5 3 5 4 3 2 4 3 1 1 2 5 6 4 1 2 1 5 2 6 2 
49
5 3 4 1 4 2 6 6 1 4 1 2 4 3 1 2 3 6 2 1 2 4 1 1 6 4 4 4 4 1 5 3 2 1 1 4 3 1 4 5 2 2 6 2 6 5 2 5 5 
50
1 1 6 2 3 1 2 3 6 4 2 6 6 3 3 4 3 5 4 6 1 6 6 5 3 4 2 5 1 4 6 4 4 5 3 1 1 2 1 4 2 1 6 4 6 5 4 1 6 6 
51
2 6 2 1 1 5 6 3 6 6 2 1 4 2 6 2 3 2 6 4 4 3 2 1 4 1 1 3 5 5 4 4 5 6 3 3 4 2 2 3 5 3 5 1 1 5 2 4 4 2 3 
52
5 5 2 3 5 4 2 3 2 4 5 6 3 1 2 2 2 1 4 1 5 6 1 1 3 3 1 3 3 1 6 2 4 2 3 6 4 1 4 6 3 2 3 6 3 1 3 5 5 6 3 6 
53
4 2 6 5 3 5 1 6 5 2 3 5 3 6 6 4 4 6 2 2 5 1 2 6 5 6 6 1 5 5 5 3 2 4 1 1 6 5 1 3 6 2 5 5 2 2 1 4 5 2 5 4 2 
54
1 6 5 4 1 6 1 4 6 2 6 4 6 2 2 5 5 4 1 5 6 6 6 2 4 3 3 6 6 5 4 2 2 1 1 4 4 1 5 2 2 4 3 1 6 5 2 2 1 6 1 2 6 5 
55
5 6 5 6 3 2 4 5 2 3 2 2 5 5 2 5 6 1 4 4 2 3 3 1 3 5 4 2 1 6 6 1 4 4 6 3 1 6 4 1 6 1 6 1 1 6 6 3 2 2 1 5 6 6 4 
56
1 3 6 6 4 6 6 2 1 5 2 2 4 2 2 3 4 2 1 5 5 4 2 6 4 3 2 6 1 3 5 2 2 6 2 1 5 6 6 4 3 2 1 1 1 1 4 6 2 1 1 1 1 5 2 5 
57
5 5 3 4 1 4 3 4 5 3 1 2 4 1 6 2 6 4 3 5 1 3 3 2 6 3 2 2 1 6 4 4 3 1 3 6 3 6 1 2 1 6 3 1 5 4 5 6 4 5 5 6 6 6 2 6 6 
58
6 6 6 6 4 4 4 4 3 3 5 1 2 3 3 1 5 2 3 6 4 2 1 5 4 3 1 3 5 1 4 1 4 1 1 3 6 5 1 6 3 6 4 4 1 1 2 1 6 2 2 3 5 1 2 6 1 5 
59
2 3 3 4 3 5 1 4 6 4 3 4 5 6 1 2 1 6 1 4 3 3 6 5 2 6 3 5 3 5 2 6 1 6 5 3 2 5 4 3 3 5 2 1 1 1 1 3 2 2 1 1 1 4 3 6 1 5 2 
60
5 1 2 6 3 1 3 6 4 1 2 1 1 3 3 4 5 2 4 4 3 4 6 2 2 2 2 2 5 3 2 5 3 2 2 3 2 2 3 4 1 3 3 6 3 2 1 2 4 5 5 6 1 1 4 3 5 1 2 6 
61
4 3 5 5 5 3 2 5 3 2 2 4 5 5 5 1 1 2 1 4 6 1 5 3 4 6 4 1 1 1 2 5 6 2 2 2 6 5 3 4 1 4 4 3 3 5 5 4 1 6 5 1 1 6 2 3 6 5 4 1 1 
62
2 3 1 1 4 2 4 1 4 4 4 2 6 1 2 1 2 2 1 5 5 5 4 5 5 1 4 1 4 4 1 2 2 5 5 5 5 6 1 6 5 5 1 5 4 5 4 3 5 3 6 6 4 4 1 6 5 4 6 2 1 2 
63
4 4 1 3 5 6 1 6 2 2 1 2 1 6 3 1 3 2 6 5 4 4 6 4 5 4 6 2 6 1 6 4 5 5 3 4 3 4 6 3 4 6 1 2 5 1 3 2 2 3 2 6 3 4 2 2 6 3 3 6 6 4 6 
64
3 2 2 6 3 5 5 3 3 3 6 6 5 5 1 2 2 1 1 2 5 3 5 5 4 4 3 1 5 2 5 4 5 1 2 1 6 1 3 6 5 5 6 4 3 5 6 2 6 2 6 4 4 3 4 6 3 3 1 4 6 2 6 6 
65
3 1 1 4 3 5 3 4 3 3 3 5 5 3 1 6 5 1 4 3 4 1 2 2 1 5 1 3 4 2 1 6 1 2 6 5 2 6 6 3 6 3 6 2 3 1 5 2 5 4 2 2 1 1 6 2 4 1 4 5 2 1 6 2 2 
66
3 4 5 1 2 5 5 4 2 3 6 4 4 2 2 1 2 1 5 4 5 4 5 6 1 3 2 1 3 3 2 2 1 1 5 5 1 1 6 5 5 5 4 5 6 4 1 1 5 5 3 4 1 2 6 3 2 2 1 4 4 2 3 2 4 3 
67
5 5 6 5 2 1 6 1 1 3 5 3 1 3 2 1 3 6 5 1 4 5 1 1 3 5 2 1 5 1 5 3 2 6 2 1 2 2 6 3 3 4 3 2 6 5 4 1 1 2 3 4 5 6 3 3 2 1 1 6 5 5 4 4 3 5 1 
68
6 3 2 6 5 3 6 6 1 1 5 3 1 6 6 2 3 3 2 1 1 5 6 1 6 3 3 5 2 5 1 2 4 3 1 1 4 6 6 3 5 4 4 6 5 5 1 2 2 1 3 1 5 3 1 1 5 1 6 1 1 6 4 3 1 6 1 4 
69
5 6 1 2 1 3 6 3 3 3 2 3 3 3 5 6 4 1 4 1 3 6 2 1 2 4 5 2 2 6 2 2 4 1 2 5 6 3 6 6 3 5 6 1 1 6 6 3 5 5 4 1 5 4 1 5 4 5 1 5 1 5 5 2 3 2 4 2 5 
70
2 3 4 3 1 6 4 5 4 2 5 6 2 3 1 6 1 4 4 5 6 1 5 3 4 6 2 3 1 1 1 1 4 1 2 3 1 6 3 1 3 2 1 1 5 4 5 2 1 2 3 4 5 5 4 2 5 4 1 1 4 1 5 4 2 3 4 3 4 2 
71
4 1 1 2 1 5 4 1 6 3 6 3 5 2 3 2 4 4 5 3 4 1 1 3 4 6 4 1 1 6 5 5 1 4 6 3 4 3 2 5 6 5 1 3 5 3 6 6 5 1 4 6 1 2 4 4 6 2 6 5 6 4 1 2 4 6 5 5 4 1 4 
72
3 5 1 3 4 2 5 1 6 3 3 4 3 5 1 5 5 5 3 5 1 4 4 5 2 1 3 5 1 5 4 2 2 1 4 6 3 2 3 1 1 3 5 6 5 2 4 2 6 3 3 5 6 2 1 1 5 3 1 4 5 5 5 5 1 2 2 4 6 6 4 2 
73
2 1 6 4 5 4 2 1 4 2 6 4 4 1 5 4 6 4 6 4 5 2 2 6 5 1 5 5 6 3 1 1 4 3 5 6 1 2 1 2 3 3 6 6 6 5 4 5 2 4 4 1 3 5 1 3 5 2 6 1 5 2 2 3 1 3 3 2 1 1 5 5 3 
74
6 4 3 2 5 5 4 4 1 1 3 6 6 1 3 6 3 4 5 6 2 1 3 3 1 2 5 3 3 2 4 3 3 5 4 1 2 5 3 2 1 2 3 1 2 5 5 3 6 1 6 3 1 1 5 3 1 6 1 5 6 4 6 1 6 5 6 5 5 6 5 2 1 6 
75
3 4 6 3 2 6 5 5 3 4 6 1 4 5 1 4 4 1 4 3 3 5 1 6 3 2 1 5 4 3 5 4 4 1 4 3 2 2 5 4 2 1 6 3 3 3 6 6 3 5 4 2 3 6 3 1 3 4 6 3 6 4 5 1 4 1 3 2 1 5 2 1 1 4 4 
76
3 6 2 2 4 6 3 5 6 5 1 6 3 4 1 3 2 5 6 5 4 1 1 2 5 4 4 4 5 6 1 1 2 2 4 3 2 5 3 5 1 2 3 2 2 2 3 2 6 3 2 1 1 6 1 2 3 5 1 3 4 6 2 1 5 4 6 2 5 6 6 2 5 6 1 3 
77
2 4 6 5 4 6 3 1 2 2 6 6 4 2 5 1 4 6 3 3 5 4 5 3 6 4 5 6 2 2 3 5 1 1 6 4 3 4 2 6 6 4 5 3 2 1 3 2 4 3 2 5 2 1 2 3 3 4 4 2 2 3 2 3 2 2 3 1 1 3 1 2 4 5 6 4 6 
78
2 4 2 5 1 1 5 2 6 1 2 5 2 2 3 3 2 6 1 2 5 5 3 5 5 4 3 6 2 4 5 1 5 2 4 1 6 2 3 6 5 4 2 4 6 5 3 6 4 6 4 1 6 6 6 1 4 6 5 2 2 5 1 2 6 5 4 6 2 2 3 1 5 4 1 4 6 6 
79
2 4 5 3 1 5 5 3 2 1 6 3 6 3 6 4 1 1 5 6 6 2 5 5 6 3 3 2 6 2 4 3 1 3 1 4 5 4 1 6 1 5 3 4 5 5 1 3 6 4 2 4 3 4 2 2 2 3 5 5 1 5 4 3 4 5 1 1 2 3 3 6 4 5 3 1 6 6 6 
80
1 5 2 3 5 3 5 2 1 2 4 6 6 3 1 5 2 6 1 6 1 5 1 6 5 3 3 2 5 1 5 4 2 4 3 6 1 5 1 6 5 3 4 3 3 4 2 4 4 2 4 1 5 2 6 2 4 1 1 1 4 6 3 2 2 4 2 3 1 1 2 4 6 1 5 6 4 6 3 1 
81
1 6 5 1 2 6 5 5 1 5 5 6 5 5 4 1 5 6 6 6 4 3 6 4 1 5 2 6 4 2 2 2 1 3 6 2 6 4 2 1 4 2 5 5 5 2 4 5 1 2 3 1 3 3 4 6 3 2 4 6 6 2 3 3 2 6 1 1 3 6 1 3 1 3 2 5 3 2 6 6 2 
82
1 2 5 6 2 3 3 6 5 1 5 3 6 5 1 6 2 3 6 6 1 1 5 4 3 4 3 2 3 2 1 2 3 5 6 2 2 1 4 6 3 1 6 3 6 1 4 5 4 1 2 2 2 2 1 1 4 4 6 5 3 3 2 3 5 3 2 1 4 4 6 5 1 3 1 5 4 3 4 1 3 1 
83
2 4 5 3 6 6 5 5 2 1 6 5 4 4 5 2 4 4 1 1 5 1 2 6 6 5 6 1 2 3 2 2 6 5 6 3 4 5 3 1 6 1 2 6 3 1 6 3 5 1 4 5 1 6 6 6 2 4 2 4 4 3 5 4 2 5 1 5 5 2 2 6 5 4 2 5 1 3 1 5 1 5 3 
84
4 4 6 2 2 2 6 1 6 6 4 5 1 2 6 4 6 1 3 1 1 1 5 6 3 2 2 4 2 5 5 5 2 5 3 5 3 5 4 5 5 2 4 3 5 6 1 4 5 5 4 6 1 5 3 4 2 4 5 4 3 4 4 2 6 2 3 6 3 6 3 4 6 3 2 3 6 4 1 1 4 2 5 3 
85
1 2 2 6 4 2 2 4 2 5 4 2 2 3 1 6 4 1 4 1 6 3 4 4 2 4 3 3 5 5 6 5 5 4 5 6 2 5 6 1 4 3 3 1 6 1 3 3 1 4 4 3 5 4 1 2 6 2 5 4 2 6 2 3 5 6 6 5 4 1 6 6 3 2 5 1 1 4 2 4 5 2 4 6 5 
86
5 4 1 5 6 6 3 5 6 5 5 6 1 6 5 6 6 6 1 3 6 2 4 6 4 6 6 5 4 5 5 3 4 1 2 2 4 5 4 4 4 4 5 5 3 5 2 1 4 3 5 6 2 3 5 5 6 2 2 5 3 4 2 3 2 5 4 3 4 3 1 1 2 2 1 6 3 4 2 4 3 4 1 4 6 5 
87
2 2 6 2 5 3 6 2 3 2 5 5 3 2 6 6 6 3 2 1 4 3 4 6 3 5 4 5 4 1 6 5 3 6 4 2 1 6 1 1 5 6 5 3 3 3 2 1 5 2 3 4 1 2 1 2 2 4 3 2 3 5 2 2 1 1 3 6 1 5 3 6 4 3 6 5 6 3 2 4 2 2 4 2 4 5 6 
88
5 1 6 5 5 1 2 3 5 1 2 3 6 6 2 3 1 1 2 2 2 1 4 4 4 1 5 6 5 1 6 6 6 2 3 4 2 3 6 2 2 5 1 2 6 1 1 3 1 5 2 2 3 5 2 1 4 5 4 4 1 3 2 2 6 3 5 6 2 1 4 6 6 6 4 6 4 1 3 4 2 1 1 5 4 4 1 5 
89
4 2 2 3 6 6 6 4 4 6 3 1 6 6 2 1 1 6 4 5 2 4 5 3 5 4 3 1 2 6 6 4 6 2 1 2 2 6 6 3 3 3 2 5 4 3 1 2 3 2 3 2 2 1 4 6 4 2 1 3 4 4 3 3 3 2 4 5 3 5 4 6 2 3 6 6 3 2 6 2 5 4 4 2 6 3 4 4 5 
90
6 5 6 4 2 2 5 1 2 1 2 5 6 6 5 4 2 5 2 6 6 1 1 3 1 2 5 6 3 1 4 5 2 2 1 5 2 6 5 6 3 2 4 1 1 4 5 2 4 2 4 3 3 1 6 5 6 3 5 2 2 6 4 6 6 4 4 1 1 2 5 3 2 2 3 6 3 6 1 5 5 3 1 5 3 2 6 2 3 1 
91
4 6 3 4 5 4 2 1 3 1 1 5 2 3 3 4 2 4 3 3 5 5 1 5 2 6 3 6 3 1 2 4 3 6 2 5 4 6 3 2 6 5 5 6 1 5 2 6 3 2 2 5 6 3 5 1 6 2 2 3 6 3 2 3 2 1 6 6 3 3 3 4 6 2 3 2 2 3 4 2 6 4 2 5 3 3 5 1 5 5 2 
92
3 6 1 4 3 3 3 6 2 1 4 3 3 4 2 4 2 4 4 5 1 6 5 2 2 4 3 1 1 5 3 6 4 5 4 2 2 5 3 4 3 5 6 2 1 1 5 5 5 6 1 1 3 5 5 4 2 2 4 3 5 4 4 5 1 6 1 1 4 2 2 4 5 2 5 1 3 3 3 2 1 3 5 2 4 3 5 6 4 2 4 1 
93
6 6 6 6 3 4 6 5 3 2 4 5 1 2 6 5 3 3 4 6 1 1 1 6 1 2 1 4 2 5 1 3 4 5 3 4 3 5 6 5 6 1 6 5 6 3 1 6 3 6 2 4 3 4 2 3 5 4 5 2 6 4 2 2 1 3 3 2 1 2 1 3 6 2 5 3 4 3 3 1 4 4 1 3 4 3 4 5 4 4 5 3 2 
94
1 4 4 5 5 4 2 3 2 4 2 5 3 3 6 3 1 6 4 1 3 3 4 3 2 1 1 6 5 3 3 2 6 2 1 2 1 4 3 5 4 1 1 6 4 2 3 2 5 3 3 2 3 4 4 4 5 3 3 3 4 1 1 2 4 1 2 4 3 1 4 6 4 3 4 5 4 6 1 6 1 6 3 5 6 5 2 4 4 4 3 4 2 5 
95
4 6 2 2 6 4 2 5 6 1 6 6 1 6 1 3 2 3 6 4 2 3 3 4 6 2 2 5 4 6 6 5 3 6 5 2 1 4 3 4 4 5 4 5 3 4 2 2 5 6 1 1 1 6 4 4 5 6 6 3 6 3 1 5 5 4 2 3 6 4 5 1 1 6 5 6 4 3 3 2 1 4 1 2 5 2 4 1 2 6 3 5 6 6 2 
96
5 6 1 5 2 1 2 4 2 1 6 3 2 4 2 6 3 6 1 1 2 2 2 5 5 5 3 5 1 4 5 3 3 3 3 2 1 4 5 1 6 5 1 2 4 1 5 5 2 5 5 1 6 2 3 3 1 1 3 3 5 4 2 6 2 1 3 4 5 6 4 1 2 4 1 1 1 5 6 2 2 2 3 5 3 2 3 3 3 4 1 6 2 4 6 6 
97
6 1 6 2 6 1 3 2 6 6 2 3 6 4 6 6 5 2 2 6 2 2 4 5 1 1 6 4 2 1 5 1 6 4 4 5 1 4 5 3 5 1 5 3 6 4 4 3 2 1 1 6 6 6 5 3 1 4 4 6 4 1 6 5 2 2 1 2 4 2 2 5 6 2 1 2 4 2 2 6 5 3 6 3 2 6 6 5 6 3 4 5 3 5 1 1 3 
98
6 2 3 6 1 2 5 3 1 4 6 2 2 2 3 5 1 3 3 3 2 6 4 1 3 4 6 5 5 4 6 3 1 6 1 5 5 2 5 2 5 2 4 3 2 5 2 2 1 1 5 3 4 3 6 4 2 5 5 6 5 4 1 4 6 1 1 4 1 3 3 5 5 4 4 3 1 1 6 5 2 3 2 2 5 5 1 3 6 4 6 1 2 6 4 6 2 4 
99
3 2 5 5 4 4 5 3 3 5 4 3 1 4 4 5 3 5 1 1 6 5 4 1 5 5 4 4 2 2 3 6 6 2 3 2 2 5 2 4 2 6 1 1 3 1 1 3 6 2 4 4 5 5 5 6 5 3 1 4 3 3 2 3 1 1 3 1 1 6 5 1 5 1 3 3 4 2 1 4 2 2 6 4 2 5 1 4 2 6 1 3 2 5 2 5 2 4 1 
100
2 3 2 1 6 1 2 2 2 5 1 5 1 2 4 1 1 1 3 4 4 4 5 4 1 3 2 4 1 5 6 5 5 6 4 3 6 5 6 2 1 6 2 1 3 6 2 2 4 3 3 3 6 2 5 6 6 2 1 3 4 3 2 4 1 4 4 2 4 2 4 2 6 1 3 4 6 5 3 1 5 3 2 2 1 1 4 3 1 2 1 1 2 2 1 2 5 1 5 3 
